cam0:
  cam_overlaps: [1]
  camera_model: pinhole
  distortion_coeffs: [-0.3418843277284295, 0.09554844659447544, 0.0006766728551819399, 0.00013250437150091342]
  distortion_model: radtan
  intrinsics: [404.9842534577856, 405.0992911907136, 313.1521147858522, 237.73982476898445]
  resolution: [640, 512]
  rostopic: /thermal_left/image
cam1:
  T_cn_cnm1:
  - [0.9999648362677563, 0.0029214124602905075, -0.00786076187339851, -0.2436616774623335]
  - [-0.003001654971051739, 0.999943313970108, -0.010215621072983105, -0.0011951481161925712]
  - [0.007830472235323786, 0.010238857148572563, 0.9999169213033936, -0.0026404784131244404]
  - [0.0, 0.0, 0.0, 1.0]
  cam_overlaps: [0]
  camera_model: pinhole
  distortion_coeffs: [-0.34589878843358174, 0.09955873180627223, 0.00035223176803024823, -0.0007594805806849117]
  distortion_model: radtan
  intrinsics: [405.14461975696844, 405.25932189028606, 311.42449426256036, 242.08074351877391]
  resolution: [640, 512]
  rostopic: /thermal_right/image