#Accelerometer
accelerometer_noise_density: 0.00485522367642568 
accelerometer_random_walk: 0.0024089797339945955 

#Gyroscope
gyroscope_noise_density: 0.00020301643408757807 
gyroscope_random_walk: 1.2126279163623273e-06 

rostopic: '/epson_imu/data' 
update_rate: 200 

