cam0:
  T_imu_cam:
  - [-0.03833985,  0.00162415, -0.99926344, -0.32132215]
  - [ 0.99876063,  0.03182279, -0.03826883,  0.12412944]
  - [ 0.03173719, -0.9994922,  -0.0028422,   0.0262454]
  - [ 0.        ,  0.        ,  0.        ,  1.        ]
  cam_overlaps: []
  camera_model: pinhole
  distortion_coeffs: [-0.34952316385171267, 0.10382262573916612, -0.0001474020185721229, -0.00018344075395654912]
  distortion_model: radtan
  intrinsics: [406.33233091474426, 406.9536696029995, 311.51174613074784, 241.75862889759748]
  resolution: [640, 512]
  rostopic: /thermal_right/image

